768 768 19044
0 0 6.336858723958348e+00
0 1 1.596032527043273e+00
0 2 1.596032527043273e+00
0 3 -2.999814453125007e+00
0 4 1.987115635016030e-01
0 5 1.576780348557696e+00
0 6 -3.333235677083337e-01
0 7 2.179412059294874e-01
0 8 2.179412059294874e-01
0 9 -2.999814453125007e+00
0 10 1.576780348557696e+00
0 11 1.987115635016030e-01
1 0 1.596032527043273e+00
1 1 3.641547258947651e+00
1 2 -1.173528270232377e-01
1 3 1.987115635016030e-01
1 4 -4.258696362898595e-01
1 5 -1.277071198533042e-01
1 6 -2.179412059294873e-01
1 7 1.333276588695761e-01
1 8 1.380612826676531e-01
1 9 -1.576780348557697e+00
1 10 5.963418893306235e-01
1 11 1.277071198533041e-01
2 0 1.596032527043273e+00
2 1 -1.173528270232377e-01
2 2 3.641547258947654e+00
2 3 -1.576780348557696e+00
2 4 1.277071198533041e-01
2 5 5.963418893306236e-01
2 6 -2.179412059294873e-01
2 7 1.380612826676531e-01
2 8 1.333276588695760e-01
2 9 1.987115635016030e-01
2 10 -1.277071198533041e-01
2 11 -4.258696362898594e-01
3 0 -2.999814453125007e+00
3 1 1.987115635016030e-01
3 2 -1.576780348557696e+00
3 3 9.336673177083359e+00
3 4 1.397320963541671e+00
3 5 -3.987662767874979e-16
3 6 -2.666490885416673e+00
3 7 1.358839142628208e+00
3 8 7.037933231264937e-16
3 9 -3.333235677083337e-01
3 10 2.179412059294874e-01
3 11 -2.179412059294873e-01
3 39 -3.333235677083337e-01
3 40 2.179412059294873e-01
3 41 2.179412059294872e-01
3 42 -2.999814453125006e+00
3 43 1.987115635016032e-01
3 44 1.576780348557695e+00
4 0 1.987115635016030e-01
4 1 -4.258696362898595e-01
4 2 1.277071198533041e-01
4 3 1.397320963541671e+00
4 4 4.067416895237516e+00
4 5 -3.764245651938041e-16
4 6 -1.358839142628208e+00
4 7 4.630142304610475e-01
4 8 2.944731084604358e-16
4 9 -2.179412059294873e-01
4 10 1.333276588695761e-01
4 11 -1.380612826676530e-01
4 39 -2.179412059294873e-01
4 40 1.333276588695760e-01
4 41 1.380612826676529e-01
4 42 1.987115635016032e-01
4 43 -4.258696362898592e-01
4 44 -1.277071198533042e-01
5 0 1.576780348557696e+00
5 1 -1.277071198533042e-01
5 2 5.963418893306236e-01
5 3 -3.987662767874979e-16
5 4 -3.764245651938041e-16
5 5 4.376379671577094e+00
5 6 6.517516188471895e-16
5 7 -3.035307096981119e-16
5 8 -3.126587950977983e-01
5 9 2.179412059294874e-01
5 10 -1.380612826676531e-01
5 11 1.333276588695760e-01
5 39 -2.179412059294873e-01
5 40 1.380612826676531e-01
5 41 1.333276588695761e-01
5 42 -1.576780348557696e+00
5 43 1.277071198533040e-01
5 44 5.963418893306234e-01
6 0 -3.333235677083337e-01
6 1 -2.179412059294873e-01
6 2 -2.179412059294873e-01
6 3 -2.666490885416673e+00
6 4 -1.358839142628208e+00
6 5 6.517516188471895e-16
6 6 1.200316406250002e+01
6 7 -1.003369527161451e-15
6 8 -7.946713292187300e-16
6 9 -2.666490885416674e+00
6 10 6.977217909605749e-16
6 11 -1.358839142628209e+00
6 12 -3.333235677083336e-01
6 13 2.179412059294872e-01
6 14 -2.179412059294872e-01
6 21 -2.666490885416673e+00
6 22 1.358839142628207e+00
6 23 7.056683893739187e-16
6 24 -3.333235677083335e-01
6 25 2.179412059294873e-01
6 26 2.179412059294873e-01
6 39 -2.666490885416673e+00
6 40 7.342913267275361e-16
6 41 1.358839142628206e+00
6 42 -3.333235677083337e-01
6 43 -2.179412059294873e-01
6 44 2.179412059294872e-01
7 0 2.179412059294874e-01
7 1 1.333276588695761e-01
7 2 1.380612826676531e-01
7 3 1.358839142628208e+00
7 4 4.630142304610475e-01
7 5 -3.035307096981119e-16
7 6 -1.003369527161451e-15
7 7 4.689038466674893e+00
7 8 -6.590432490340690e-17
7 9 6.448127249432823e-16
7 10 -3.126587950977983e-01
7 11 3.400095997048270e-16
7 12 -2.179412059294874e-01
7 13 1.333276588695760e-01
7 14 -1.380612826676530e-01
7 21 -1.358839142628208e+00
7 22 4.630142304610480e-01
7 23 3.227034328081110e-16
7 24 -2.179412059294873e-01
7 25 1.333276588695760e-01
7 26 1.380612826676530e-01
7 39 7.880677544828171e-16
7 40 -3.126587950977981e-01
7 41 -4.197986210285244e-16
7 42 2.179412059294873e-01
7 43 1.333276588695760e-01
7 44 -1.380612826676530e-01
8 0 2.179412059294874e-01
8 1 1.380612826676531e-01
8 2 1.333276588695760e-01
8 3 7.037933231264937e-16
8 4 2.944731084604358e-16
8 5 -3.126587950977983e-01
8 6 -7.946713292187300e-16
8 7 -6.590432490340690e-17
8 8 4.689038466674893e+00
8 9 1.358839142628208e+00
8 10 -3.208779444578800e-16
8 11 4.630142304610475e-01
8 12 2.179412059294873e-01
8 13 -1.380612826676530e-01
8 14 1.333276588695760e-01
8 21 7.212809006577100e-16
8 22 -3.664558741422376e-16
8 23 -3.126587950977982e-01
8 24 -2.179412059294873e-01
8 25 1.380612826676530e-01
8 26 1.333276588695760e-01
8 39 -1.358839142628208e+00
8 40 2.923457719785169e-16
8 41 4.630142304610474e-01
8 42 -2.179412059294873e-01
8 43 -1.380612826676531e-01
8 44 1.333276588695761e-01
9 0 -2.999814453125007e+00
9 1 -1.576780348557697e+00
9 2 1.987115635016030e-01
9 3 -3.333235677083337e-01
9 4 -2.179412059294873e-01
9 5 2.179412059294874e-01
9 6 -2.666490885416674e+00
9 7 6.448127249432823e-16
9 8 1.358839142628208e+00
9 9 9.336673177083355e+00
9 10 -1.365766512064675e-17
9 11 1.397320963541671e+00
9 12 -2.999814453125006e+00
9 13 1.576780348557695e+00
9 14 1.987115635016032e-01
9 21 -3.333235677083337e-01
9 22 2.179412059294872e-01
9 23 2.179412059294873e-01
10 0 1.576780348557696e+00
10 1 5.963418893306235e-01
10 2 -1.277071198533041e-01
10 3 2.179412059294874e-01
10 4 1.333276588695761e-01
10 5 -1.380612826676531e-01
10 6 6.977217909605749e-16
10 7 -3.126587950977983e-01
10 8 -3.208779444578800e-16
10 9 -1.365766512064675e-17
10 10 4.376379671577094e+00
10 11 -5.238760606518327e-16
10 12 -1.576780348557696e+00
10 13 5.963418893306233e-01
10 14 1.277071198533042e-01
10 21 -2.179412059294874e-01
10 22 1.333276588695760e-01
10 23 1.380612826676531e-01
11 0 1.987115635016030e-01
11 1 1.277071198533041e-01
11 2 -4.258696362898594e-01
11 3 -2.179412059294873e-01
11 4 -1.380612826676530e-01
11 5 1.333276588695760e-01
11 6 -1.358839142628209e+00
11 7 3.400095997048270e-16
11 8 4.630142304610475e-01
11 9 1.397320963541671e+00
11 10 -5.238760606518327e-16
11 11 4.067416895237516e+00
11 12 1.987115635016032e-01
11 13 -1.277071198533042e-01
11 14 -4.258696362898593e-01
11 21 -2.179412059294873e-01
11 22 1.380612826676529e-01
11 23 1.333276588695760e-01
12 6 -3.333235677083336e-01
12 7 -2.179412059294874e-01
12 8 2.179412059294873e-01
12 9 -2.999814453125006e+00
12 10 -1.576780348557696e+00
12 11 1.987115635016032e-01
12 12 9.336673177083355e+00
12 13 -2.393698168281708e-15
12 14 1.397320963541672e+00
12 15 -2.999814453125003e+00
12 16 1.576780348557694e+00
12 17 1.987115635016032e-01
12 18 -3.333235677083335e-01
12 19 2.179412059294873e-01
12 20 2.179412059294873e-01
12 21 -2.666490885416673e+00
12 22 1.972541210808253e-16
12 23 1.358839142628208e+00
13 6 2.179412059294872e-01
13 7 1.333276588695760e-01
13 8 -1.380612826676530e-01
13 9 1.576780348557695e+00
13 10 5.963418893306233e-01
13 11 -1.277071198533042e-01
13 12 -2.393698168281708e-15
13 13 4.376379671577091e+00
13 14 -1.283589493104430e-16
13 15 -1.576780348557694e+00
13 16 5.963418893306224e-01
13 17 1.277071198533041e-01
13 18 -2.179412059294873e-01
13 19 1.333276588695760e-01
13 20 1.380612826676530e-01
13 21 1.790395245830688e-16
13 22 -3.126587950977984e-01
13 23 -1.023028129545819e-16
14 6 -2.179412059294872e-01
14 7 -1.380612826676530e-01
14 8 1.333276588695760e-01
14 9 1.987115635016032e-01
14 10 1.277071198533042e-01
14 11 -4.258696362898593e-01
14 12 1.397320963541672e+00
14 13 -1.283589493104430e-16
14 14 4.067416895237515e+00
14 15 1.987115635016030e-01
14 16 -1.277071198533042e-01
14 17 -4.258696362898589e-01
14 18 -2.179412059294872e-01
14 19 1.380612826676530e-01
14 20 1.333276588695759e-01
14 21 -1.358839142628209e+00
14 22 6.115282741133490e-17
14 23 4.630142304610477e-01
15 12 -2.999814453125003e+00
15 13 -1.576780348557694e+00
15 14 1.987115635016030e-01
15 15 9.336673177083352e+00
15 16 -4.180456784032478e-15
15 17 1.397320963541672e+00
15 18 -2.666490885416674e+00
15 19 -1.026591094229105e-15
15 20 1.358839142628209e+00
15 21 -3.333235677083335e-01
15 22 -2.179412059294873e-01
15 23 2.179412059294872e-01
15 171 -3.333235677083333e-01
15 172 2.179412059294871e-01
15 173 2.179412059294870e-01
15 174 -2.999814453124996e+00
15 175 1.576780348557690e+00
15 176 1.987115635016029e-01
16 12 1.576780348557694e+00
16 13 5.963418893306224e-01
16 14 -1.277071198533042e-01
16 15 -4.180456784032478e-15
16 16 4.376379671577088e+00
16 17 6.626792438392765e-16
16 18 -1.023121620807372e-15
16 19 -3.126587950977987e-01
16 20 5.811762513468100e-16
16 21 2.179412059294873e-01
16 22 1.333276588695760e-01
16 23 -1.380612826676529e-01
16 171 -2.179412059294872e-01
16 172 1.333276588695759e-01
16 173 1.380612826676529e-01
16 174 -1.576780348557689e+00
16 175 5.963418893306186e-01
16 176 1.277071198533040e-01
17 12 1.987115635016032e-01
17 13 1.277071198533041e-01
17 14 -4.258696362898589e-01
17 15 1.397320963541672e+00
17 16 6.626792438392765e-16
17 17 4.067416895237514e+00
17 18 -1.358839142628209e+00
17 19 -5.893670334769795e-16
17 20 4.630142304610482e-01
17 21 -2.179412059294872e-01
17 22 -1.380612826676529e-01
17 23 1.333276588695759e-01
17 171 -2.179412059294870e-01
17 172 1.380612826676528e-01
17 173 1.333276588695758e-01
17 174 1.987115635016029e-01
17 175 -1.277071198533040e-01
17 176 -4.258696362898575e-01
18 12 -3.333235677083335e-01
18 13 -2.179412059294873e-01
18 14 -2.179412059294872e-01
18 15 -2.666490885416674e+00
18 16 -1.023121620807372e-15
18 17 -1.358839142628209e+00
18 18 1.200316406250001e+01
18 19 -1.849382448223910e-15
18 20 -1.493429663513618e-15
18 21 -2.666490885416671e+00
18 22 -1.358839142628206e+00
18 23 7.889351162208055e-16
18 24 -3.333235677083335e-01
18 25 -2.179412059294872e-01
18 26 2.179412059294872e-01
18 27 -2.666490885416673e+00
18 28 -9.563350846196201e-16
18 29 1.358839142628207e+00
18 162 -3.333235677083334e-01
18 163 2.179412059294871e-01
18 164 2.179412059294870e-01
18 171 -2.666490885416664e+00
18 172 1.358839142628202e+00
18 173 7.394943324851640e-16
18 174 -3.333235677083333e-01
18 175 2.179412059294871e-01
18 176 -2.179412059294870e-01
19 12 2.179412059294873e-01
19 13 1.333276588695760e-01
19 14 1.380612826676530e-01
19 15 -1.026591094229105e-15
19 16 -3.126587950977987e-01
19 17 -5.893670334769795e-16
19 18 -1.849382448223910e-15
19 19 4.689038466674890e+00
19 20 -8.065014942858960e-17
19 21 1.358839142628206e+00
19 22 4.630142304610472e-01
19 23 -4.232680679804780e-16
19 24 2.179412059294872e-01
19 25 1.333276588695760e-01
19 26 -1.380612826676529e-01
19 27 -9.016912951263507e-16
19 28 -3.126587950977985e-01
19 29 5.195938855869886e-16
19 162 -2.179412059294872e-01
19 163 1.333276588695758e-01
19 164 1.380612826676529e-01
19 171 -1.358839142628202e+00
19 172 4.630142304610430e-01
19 173 3.617336786961847e-16
19 174 -2.179412059294872e-01
19 175 1.333276588695759e-01
19 176 -1.380612826676528e-01
20 12 2.179412059294873e-01
20 13 1.380612826676530e-01
20 14 1.333276588695759e-01
20 15 1.358839142628209e+00
20 16 5.811762513468100e-16
20 17 4.630142304610482e-01
20 18 -1.493429663513618e-15
20 19 -8.065014942858960e-17
20 20 4.689038466674895e+00
20 21 8.270990326922952e-16
20 22 3.747451370874152e-16
20 23 -3.126587950977979e-01
20 24 -2.179412059294872e-01
20 25 -1.380612826676530e-01
20 26 1.333276588695760e-01
20 27 -1.358839142628208e+00
20 28 -6.006429345941757e-16
20 29 4.630142304610477e-01
20 162 -2.179412059294871e-01
20 163 1.380612826676528e-01
20 164 1.333276588695758e-01
20 171 7.429637794371176e-16
20 172 -4.254357047018406e-16
20 173 -3.126587950977966e-01
20 174 2.179412059294870e-01
20 175 -1.380612826676528e-01
20 176 1.333276588695758e-01
21 6 -2.666490885416673e+00
21 7 -1.358839142628208e+00
21 8 7.212809006577100e-16
21 9 -3.333235677083337e-01
21 10 -2.179412059294874e-01
21 11 -2.179412059294873e-01
21 12 -2.666490885416673e+00
21 13 1.790395245830688e-16
21 14 -1.358839142628209e+00
21 15 -3.333235677083335e-01
21 16 2.179412059294873e-01
21 17 -2.179412059294872e-01
21 18 -2.666490885416671e+00
21 19 1.358839142628206e+00
21 20 8.270990326922952e-16
21 21 1.200316406250002e+01
21 22 -1.564888539317543e-15
21 23 -2.684316588617867e-15
21 24 -2.666490885416672e+00
21 25 1.800477055485382e-16
21 26 1.358839142628206e+00
21 27 -3.333235677083335e-01
21 28 2.179412059294872e-01
21 29 2.179412059294872e-01
21 39 -3.333235677083335e-01
21 40 -2.179412059294873e-01
21 41 2.179412059294873e-01
22 6 1.358839142628207e+00
22 7 4.630142304610480e-01
22 8 -3.664558741422376e-16
22 9 2.179412059294872e-01
22 10 1.333276588695760e-01
22 11 1.380612826676529e-01
22 12 1.972541210808253e-16
22 13 -3.126587950977984e-01
22 14 6.115282741133490e-17
22 15 -2.179412059294873e-01
22 16 1.333276588695760e-01
22 17 -1.380612826676529e-01
22 18 -1.358839142628206e+00
22 19 4.630142304610472e-01
22 20 3.747451370874152e-16
22 21 -1.564888539317543e-15
22 22 4.689038466674894e+00
22 23 -2.124884718583369e-16
22 24 1.609657737825730e-16
22 25 -3.126587950977980e-01
22 26 -1.366053709173353e-16
22 27 -2.179412059294872e-01
22 28 1.333276588695759e-01
22 29 1.380612826676529e-01
22 39 2.179412059294873e-01
22 40 1.333276588695760e-01
22 41 -1.380612826676530e-01
23 6 7.056683893739187e-16
23 7 3.227034328081110e-16
23 8 -3.126587950977982e-01
23 9 2.179412059294873e-01
23 10 1.380612826676531e-01
23 11 1.333276588695760e-01
23 12 1.358839142628208e+00
23 13 -1.023028129545819e-16
23 14 4.630142304610477e-01
23 15 2.179412059294872e-01
23 16 -1.380612826676529e-01
23 17 1.333276588695759e-01
23 18 7.889351162208055e-16
23 19 -4.232680679804780e-16
23 20 -3.126587950977979e-01
23 21 -2.684316588617867e-15
23 22 -2.124884718583369e-16
23 23 4.689038466674893e+00
23 24 -1.358839142628208e+00
23 25 6.423013781337917e-17
23 26 4.630142304610473e-01
23 27 -2.179412059294872e-01
23 28 1.380612826676530e-01
23 29 1.333276588695760e-01
23 39 -2.179412059294873e-01
23 40 -1.380612826676531e-01
23 41 1.333276588695760e-01
24 6 -3.333235677083335e-01
24 7 -2.179412059294873e-01
24 8 -2.179412059294873e-01
24 18 -3.333235677083335e-01
24 19 2.179412059294872e-01
24 20 -2.179412059294872e-01
24 21 -2.666490885416672e+00
24 22 1.609657737825730e-16
24 23 -1.358839142628208e+00
24 24 1.200316406250003e+01
24 25 -2.217201913062329e-15
24 26 -2.158432914297254e-15
24 27 -2.666490885416670e+00
24 28 1.358839142628207e+00
24 29 2.527645046884747e-16
24 30 -3.333235677083332e-01
24 31 2.179412059294871e-01
24 32 2.179412059294870e-01
24 33 -2.666490885416670e+00
24 34 2.876005875288799e-16
24 35 1.358839142628206e+00
24 36 -3.333235677083334e-01
24 37 -2.179412059294872e-01
24 38 2.179412059294873e-01
24 39 -2.666490885416671e+00
24 40 -1.358839142628209e+00
24 41 1.843031461359846e-16
25 6 2.179412059294873e-01
25 7 1.333276588695760e-01
25 8 1.380612826676530e-01
25 18 -2.179412059294872e-01
25 19 1.333276588695760e-01
25 20 -1.380612826676530e-01
25 21 1.800477055485382e-16
25 22 -3.126587950977980e-01
25 23 6.423013781337917e-17
25 24 -2.217201913062329e-15
25 25 4.689038466674893e+00
25 26 2.427236437828242e-17
25 27 -1.358839142628206e+00
25 28 4.630142304610464e-01
25 29 7.849951954062113e-17
25 30 -2.179412059294870e-01
25 31 1.333276588695759e-01
25 32 1.380612826676528e-01
25 33 3.205603335724392e-16
25 34 -3.126587950977974e-01
25 35 -1.466295029222775e-16
25 36 2.179412059294872e-01
25 37 1.333276588695760e-01
25 38 -1.380612826676529e-01
25 39 1.358839142628209e+00
25 40 4.630142304610476e-01
25 41 -3.126504487434029e-17
26 6 2.179412059294873e-01
26 7 1.380612826676530e-01
26 8 1.333276588695760e-01
26 18 2.179412059294872e-01
26 19 -1.380612826676529e-01
26 20 1.333276588695760e-01
26 21 1.358839142628206e+00
26 22 -1.366053709173353e-16
26 23 4.630142304610473e-01
26 24 -2.158432914297254e-15
26 25 2.427236437828242e-17
26 26 4.689038466674894e+00
26 27 2.744485481381847e-16
26 28 -1.404661206211408e-16
26 29 -3.126587950977977e-01
26 30 -2.179412059294871e-01
26 31 1.380612826676528e-01
26 32 1.333276588695759e-01
26 33 -1.358839142628206e+00
26 34 1.153550215715092e-16
26 35 4.630142304610464e-01
26 36 -2.179412059294872e-01
26 37 -1.380612826676530e-01
26 38 1.333276588695760e-01
26 39 1.704255700864070e-16
26 40 3.570476806737371e-17
26 41 -3.126587950977980e-01
27 18 -2.666490885416673e+00
27 19 -9.016912951263507e-16
27 20 -1.358839142628208e+00
27 21 -3.333235677083335e-01
27 22 -2.179412059294872e-01
27 23 -2.179412059294872e-01
27 24 -2.666490885416670e+00
27 25 -1.358839142628206e+00
27 26 2.744485481381847e-16
27 27 1.200316406250001e+01
27 28 -2.850318079150985e-15
27 29 -1.912365210908449e-15
27 30 -2.666490885416672e+00
27 31 -8.591910728907314e-16
27 32 1.358839142628207e+00
27 33 -3.333235677083332e-01
27 34 -2.179412059294871e-01
27 35 2.179412059294870e-01
27 159 -3.333235677083332e-01
27 160 2.179412059294870e-01
27 161 2.179412059294869e-01
27 162 -2.666490885416664e+00
27 163 1.358839142628202e+00
27 164 2.511701769235052e-16
27 171 -3.333235677083334e-01
27 172 2.179412059294871e-01
27 173 -2.179412059294871e-01
28 18 -9.563350846196201e-16
28 19 -3.126587950977985e-01
28 20 -6.006429345941757e-16
28 21 2.179412059294872e-01
28 22 1.333276588695759e-01
28 23 1.380612826676530e-01
28 24 1.358839142628207e+00
28 25 4.630142304610464e-01
28 26 -1.404661206211408e-16
28 27 -2.850318079150985e-15
28 28 4.689038466674890e+00
28 29 -3.381245014109330e-17
28 30 -8.678646902706154e-16
28 31 -3.126587950977983e-01
28 32 5.057164683560885e-16
28 33 2.179412059294870e-01
28 34 1.333276588695758e-01
28 35 -1.380612826676527e-01
28 159 -2.179412059294870e-01
28 160 1.333276588695757e-01
28 161 1.380612826676527e-01
28 162 -1.358839142628203e+00
28 163 4.630142304610432e-01
28 164 5.121862648258945e-17
28 171 -2.179412059294872e-01
28 172 1.333276588695759e-01
28 173 -1.380612826676529e-01
29 18 1.358839142628207e+00
29 19 5.195938855869886e-16
29 20 4.630142304610477e-01
29 21 2.179412059294872e-01
29 22 1.380612826676529e-01
29 23 1.333276588695760e-01
29 24 2.527645046884747e-16
29 25 7.849951954062113e-17
29 26 -3.126587950977977e-01
29 27 -1.912365210908449e-15
29 28 -3.381245014109330e-17
29 29 4.689038466674896e+00
29 30 -1.358839142628207e+00
29 31 -5.841634718539799e-16
29 32 4.630142304610474e-01
29 33 -2.179412059294871e-01
29 34 -1.380612826676529e-01
29 35 1.333276588695758e-01
29 159 -2.179412059294868e-01
29 160 1.380612826676527e-01
29 161 1.333276588695756e-01
29 162 2.511701769235052e-16
29 163 -1.222931213820284e-16
29 164 -3.126587950977966e-01
29 171 2.179412059294870e-01
29 172 -1.380612826676528e-01
29 173 1.333276588695758e-01
30 24 -3.333235677083332e-01
30 25 -2.179412059294870e-01
30 26 -2.179412059294871e-01
30 27 -2.666490885416672e+00
30 28 -8.678646902706154e-16
30 29 -1.358839142628207e+00
30 30 1.200316406250001e+01
30 31 -1.819025462373696e-15
30 32 -3.361726198631039e-15
30 33 -2.666490885416671e+00
30 34 -1.358839142628207e+00
30 35 -9.181716710739428e-16
30 90 -3.333235677083332e-01
30 91 -2.179412059294868e-01
30 92 2.179412059294870e-01
30 93 -2.666490885416664e+00
30 94 -8.617933698629334e-16
30 95 1.358839142628203e+00
30 96 -3.333235677083329e-01
30 97 2.179412059294868e-01
30 98 2.179412059294868e-01
30 159 -2.666490885416666e+00
30 160 1.358839142628203e+00
30 161 -8.590513918637732e-16
30 162 -3.333235677083332e-01
30 163 2.179412059294870e-01
30 164 -2.179412059294868e-01
31 24 2.179412059294871e-01
31 25 1.333276588695759e-01
31 26 1.380612826676528e-01
31 27 -8.591910728907314e-16
31 28 -3.126587950977983e-01
31 29 -5.841634718539799e-16
31 30 -1.819025462373696e-15
31 31 4.689038466674888e+00
31 32 -5.809815528829497e-17
31 33 1.358839142628207e+00
31 34 4.630142304610471e-01
31 35 5.659488488864438e-16
31 90 2.179412059294869e-01
31 91 1.333276588695756e-01
31 92 -1.380612826676527e-01
31 93 -8.661301785528754e-16
31 94 -3.126587950977971e-01
31 95 5.681667252494904e-16
31 96 -2.179412059294869e-01
31 97 1.333276588695756e-01
31 98 1.380612826676527e-01
31 159 -1.358839142628204e+00
31 160 4.630142304610437e-01
31 161 -5.984340447213039e-16
31 162 -2.179412059294870e-01
31 163 1.333276588695758e-01
31 164 -1.380612826676527e-01
32 24 2.179412059294870e-01
32 25 1.380612826676528e-01
32 26 1.333276588695759e-01
32 27 1.358839142628207e+00
32 28 5.057164683560885e-16
32 29 4.630142304610474e-01
32 30 -3.361726198631039e-15
32 31 -5.809815528829497e-17
32 32 4.689038466674890e+00
32 33 -9.112327507002560e-16
32 34 -6.115346003906738e-16
32 35 -3.126587950977983e-01
32 90 -2.179412059294870e-01
32 91 -1.380612826676528e-01
32 92 1.333276588695758e-01
32 93 -1.358839142628203e+00
32 94 -5.858983144439649e-16
32 95 4.630142304610435e-01
32 96 -2.179412059294870e-01
32 97 1.380612826676526e-01
32 98 1.333276588695756e-01
32 159 -8.564493066498080e-16
32 160 5.342987878329070e-16
32 161 -3.126587950977971e-01
32 162 2.179412059294869e-01
32 163 -1.380612826676527e-01
32 164 1.333276588695756e-01
33 24 -2.666490885416670e+00
33 25 3.205603335724392e-16
33 26 -1.358839142628206e+00
33 27 -3.333235677083332e-01
33 28 2.179412059294870e-01
33 29 -2.179412059294871e-01
33 30 -2.666490885416671e+00
33 31 1.358839142628207e+00
33 32 -9.112327507002560e-16
33 33 1.200316406250002e+01
33 34 -1.635144747450375e-15
33 35 -2.093979106846240e-15
33 36 -2.666490885416672e+00
33 37 -1.358839142628208e+00
33 38 -9.788869927331310e-16
33 39 -3.333235677083334e-01
33 40 -2.179412059294872e-01
33 41 -2.179412059294872e-01
33 51 -3.333235677083334e-01
33 52 -2.179412059294871e-01
33 53 2.179412059294871e-01
33 90 -2.666490885416665e+00
33 91 1.877135125398673e-16
33 92 1.358839142628202e+00
33 93 -3.333235677083332e-01
33 94 2.179412059294869e-01
33 95 2.179412059294870e-01
34 24 2.876005875288799e-16
34 25 -3.126587950977974e-01
34 26 1.153550215715092e-16
34 27 -2.179412059294871e-01
34 28 1.333276588695758e-01
34 29 -1.380612826676529e-01
34 30 -1.358839142628207e+00
34 31 4.630142304610471e-01
34 32 -6.115346003906738e-16
34 33 -1.635144747450375e-15
34 34 4.689038466674895e+00
34 35 1.396301917464294e-16
34 36 1.358839142628208e+00
34 37 4.630142304610483e-01
34 38 5.355912145266293e-16
34 39 2.179412059294872e-01
34 40 1.333276588695760e-01
34 41 1.380612826676529e-01
34 51 2.179412059294870e-01
34 52 1.333276588695758e-01
34 53 -1.380612826676528e-01
34 90 1.885808742778557e-16
34 91 -3.126587950977966e-01
34 92 -1.196999167791195e-16
34 93 -2.179412059294868e-01
34 94 1.333276588695756e-01
34 95 1.380612826676527e-01
35 24 1.358839142628206e+00
35 25 -1.466295029222775e-16
35 26 4.630142304610464e-01
35 27 2.179412059294870e-01
35 28 -1.380612826676527e-01
35 29 1.333276588695758e-01
35 30 -9.181716710739428e-16
35 31 5.659488488864438e-16
35 32 -3.126587950977983e-01
35 33 -2.093979106846240e-15
35 34 1.396301917464294e-16
35 35 4.689038466674891e+00
35 36 -9.684786518772702e-16
35 37 -5.889831952029753e-16
35 38 -3.126587950977988e-01
35 39 2.179412059294872e-01
35 40 1.380612826676530e-01
35 41 1.333276588695760e-01
35 51 -2.179412059294872e-01
35 52 -1.380612826676529e-01
35 53 1.333276588695759e-01
35 90 -1.358839142628203e+00
35 91 9.536428962758907e-17
35 92 4.630142304610432e-01
35 93 -2.179412059294870e-01
35 94 1.380612826676528e-01
35 95 1.333276588695758e-01
36 24 -3.333235677083334e-01
36 25 2.179412059294872e-01
36 26 -2.179412059294872e-01
36 33 -2.666490885416672e+00
36 34 1.358839142628208e+00
36 35 -9.684786518772702e-16
36 36 1.200316406250002e+01
36 37 -1.613992945094006e-15
36 38 -2.046273562747278e-15
36 39 -2.666490885416670e+00
36 40 7.837309457928751e-16
36 41 -1.358839142628207e+00
36 42 -3.333235677083335e-01
36 43 -2.179412059294872e-01
36 44 -2.179412059294872e-01
36 45 -2.666490885416674e+00
36 46 -1.358839142628209e+00
36 47 -9.459264261264041e-16
36 48 -3.333235677083333e-01
36 49 -2.179412059294870e-01
36 50 2.179412059294871e-01
36 51 -2.666490885416664e+00
36 52 6.354109239265556e-16
36 53 1.358839142628202e+00
36 90 -3.333235677083334e-01
36 91 2.179412059294871e-01
36 92 2.179412059294871e-01
37 24 -2.179412059294872e-01
37 25 1.333276588695760e-01
37 26 -1.380612826676530e-01
37 33 -1.358839142628208e+00
37 34 4.630142304610483e-01
37 35 -5.889831952029753e-16
37 36 -1.613992945094006e-15
37 37 4.689038466674896e+00
37 38 -6.937444683474035e-17
37 39 7.698531579850606e-16
37 40 -3.126587950977979e-01
37 41 4.597465874102788e-16
37 42 2.179412059294872e-01
37 43 1.333276588695760e-01
37 44 1.380612826676530e-01
37 45 1.358839142628209e+00
37 46 4.630142304610482e-01
37 47 5.785741661328448e-16
37 48 2.179412059294870e-01
37 49 1.333276588695758e-01
37 50 -1.380612826676528e-01
37 51 6.362782856645440e-16
37 52 -3.126587950977968e-01
37 53 -4.462523864135623e-16
37 90 -2.179412059294871e-01
37 91 1.333276588695758e-01
37 92 1.380612826676528e-01
38 24 2.179412059294873e-01
38 25 -1.380612826676529e-01
38 26 1.333276588695760e-01
38 33 -9.788869927331310e-16
38 34 5.355912145266293e-16
38 35 -3.126587950977988e-01
38 36 -2.046273562747278e-15
38 37 -6.937444683474035e-17
38 38 4.689038466674885e+00
38 39 1.358839142628207e+00
38 40 -4.722740061768228e-16
38 41 4.630142304610466e-01
38 42 2.179412059294873e-01
38 43 1.380612826676530e-01
38 44 1.333276588695760e-01
38 45 -9.971007951374995e-16
38 46 -5.945712039049099e-16
38 47 -3.126587950977988e-01
38 48 -2.179412059294872e-01
38 49 -1.380612826676529e-01
38 50 1.333276588695759e-01
38 51 -1.358839142628201e+00
38 52 3.946934247397440e-16
38 53 4.630142304610432e-01
38 90 -2.179412059294872e-01
38 91 1.380612826676529e-01
38 92 1.333276588695758e-01
39 3 -3.333235677083337e-01
39 4 -2.179412059294873e-01
39 5 -2.179412059294873e-01
39 6 -2.666490885416673e+00
39 7 7.880677544828171e-16
39 8 -1.358839142628208e+00
39 21 -3.333235677083335e-01
39 22 2.179412059294873e-01
39 23 -2.179412059294873e-01
39 24 -2.666490885416671e+00
39 25 1.358839142628209e+00
39 26 1.704255700864070e-16
39 33 -3.333235677083334e-01
39 34 2.179412059294872e-01
39 35 2.179412059294872e-01
39 36 -2.666490885416670e+00
39 37 7.698531579850606e-16
39 38 1.358839142628207e+00
39 39 1.200316406250002e+01
39 40 -2.495231729736395e-15
39 41 -1.324629337894755e-15
39 42 -2.666490885416674e+00
39 43 -1.358839142628209e+00
39 44 1.400082463735906e-16
39 45 -3.333235677083335e-01
39 46 -2.179412059294872e-01
39 47 2.179412059294873e-01
40 3 2.179412059294873e-01
40 4 1.333276588695760e-01
40 5 1.380612826676531e-01
40 6 7.342913267275361e-16
40 7 -3.126587950977981e-01
40 8 2.923457719785169e-16
40 21 -2.179412059294873e-01
40 22 1.333276588695760e-01
40 23 -1.380612826676531e-01
40 24 -1.358839142628209e+00
40 25 4.630142304610476e-01
40 26 3.570476806737371e-17
40 33 -2.179412059294872e-01
40 34 1.333276588695760e-01
40 35 1.380612826676530e-01
40 36 7.837309457928751e-16
40 37 -3.126587950977979e-01
40 38 -4.722740061768228e-16
40 39 -2.495231729736395e-15
40 40 4.689038466674895e+00
40 41 -1.803960875527660e-16
40 42 1.358839142628208e+00
40 43 4.630142304610477e-01
40 44 -4.765902346131245e-17
40 45 2.179412059294872e-01
40 46 1.333276588695759e-01
40 47 -1.380612826676529e-01
41 3 2.179412059294872e-01
41 4 1.380612826676529e-01
41 5 1.333276588695761e-01
41 6 1.358839142628206e+00
41 7 -4.197986210285244e-16
41 8 4.630142304610474e-01
41 21 2.179412059294873e-01
41 22 -1.380612826676530e-01
41 23 1.333276588695760e-01
41 24 1.843031461359846e-16
41 25 -3.126504487434029e-17
41 26 -3.126587950977980e-01
41 33 -2.179412059294872e-01
41 34 1.380612826676529e-01
41 35 1.333276588695760e-01
41 36 -1.358839142628207e+00
41 37 4.597465874102788e-16
41 38 4.630142304610466e-01
41 39 -1.324629337894755e-15
41 40 -1.803960875527660e-16
41 41 4.689038466674898e+00
41 42 9.837488295014727e-17
41 43 1.127952747700169e-17
41 44 -3.126587950977984e-01
41 45 -2.179412059294872e-01
41 46 -1.380612826676530e-01
41 47 1.333276588695760e-01
42 3 -2.999814453125006e+00
42 4 1.987115635016032e-01
42 5 -1.576780348557696e+00
42 6 -3.333235677083337e-01
42 7 2.179412059294873e-01
42 8 -2.179412059294873e-01
42 36 -3.333235677083335e-01
42 37 2.179412059294872e-01
42 38 2.179412059294873e-01
42 39 -2.666490885416674e+00
42 40 1.358839142628208e+00
42 41 9.837488295014727e-17
42 42 9.336673177083357e+00
42 43 1.397320963541673e+00
42 44 -2.001650662710949e-15
42 45 -2.999814453125003e+00
42 46 1.987115635016030e-01
42 47 1.576780348557694e+00
43 3 1.987115635016032e-01
43 4 -4.258696362898592e-01
43 5 1.277071198533040e-01
43 6 -2.179412059294873e-01
43 7 1.333276588695760e-01
43 8 -1.380612826676531e-01
43 36 -2.179412059294872e-01
43 37 1.333276588695760e-01
43 38 1.380612826676530e-01
43 39 -1.358839142628209e+00
43 40 4.630142304610477e-01
43 41 1.127952747700169e-17
43 42 1.397320963541673e+00
43 43 4.067416895237515e+00
43 44 1.909254614758556e-17
43 45 1.987115635016032e-01
43 46 -4.258696362898590e-01
43 47 -1.277071198533042e-01
44 3 1.576780348557695e+00
44 4 -1.277071198533042e-01
44 5 5.963418893306234e-01
44 6 2.179412059294872e-01
44 7 -1.380612826676530e-01
44 8 1.333276588695761e-01
44 36 -2.179412059294872e-01
44 37 1.380612826676530e-01
44 38 1.333276588695760e-01
44 39 1.400082463735906e-16
44 40 -4.765902346131245e-17
44 41 -3.126587950977984e-01
44 42 -2.001650662710949e-15
44 43 1.909254614758556e-17
44 44 4.376379671577091e+00
44 45 -1.576780348557694e+00
44 46 1.277071198533040e-01
44 47 5.963418893306223e-01
45 36 -2.666490885416674e+00
45 37 1.358839142628209e+00
45 38 -9.971007951374995e-16
45 39 -3.333235677083335e-01
45 40 2.179412059294872e-01
45 41 -2.179412059294872e-01
45 42 -2.999814453125003e+00
45 43 1.987115635016032e-01
45 44 -1.576780348557694e+00
45 45 9.336673177083354e+00
45 46 1.397320963541671e+00
45 47 -4.201273465744199e-15
45 48 -2.999814453124997e+00
45 49 1.987115635016028e-01
45 50 1.576780348557690e+00
45 51 -3.333235677083333e-01
45 52 2.179412059294870e-01
45 53 2.179412059294871e-01
46 36 -1.358839142628209e+00
46 37 4.630142304610482e-01
46 38 -5.945712039049099e-16
46 39 -2.179412059294872e-01
46 40 1.333276588695759e-01
46 41 -1.380612826676530e-01
46 42 1.987115635016030e-01
46 43 -4.258696362898590e-01
46 44 1.277071198533040e-01
46 45 1.397320963541671e+00
46 46 4.067416895237514e+00
46 47 6.141069865119259e-16
46 48 1.987115635016028e-01
46 49 -4.258696362898575e-01
46 50 -1.277071198533040e-01
46 51 -2.179412059294870e-01
46 52 1.333276588695758e-01
46 53 1.380612826676528e-01
47 36 -9.459264261264041e-16
47 37 5.785741661328448e-16
47 38 -3.126587950977988e-01
47 39 2.179412059294873e-01
47 40 -1.380612826676529e-01
47 41 1.333276588695760e-01
47 42 1.576780348557694e+00
47 43 -1.277071198533042e-01
47 44 5.963418893306223e-01
47 45 -4.201273465744199e-15
47 46 6.141069865119259e-16
47 47 4.376379671577087e+00
47 48 -1.576780348557689e+00
47 49 1.277071198533039e-01
47 50 5.963418893306186e-01
47 51 -2.179412059294871e-01
47 52 1.380612826676529e-01
47 53 1.333276588695759e-01
48 36 -3.333235677083333e-01
48 37 2.179412059294870e-01
48 38 -2.179412059294872e-01
48 45 -2.999814453124997e+00
48 46 1.987115635016028e-01
48 47 -1.576780348557689e+00
48 48 9.336673177083334e+00
48 49 1.397320963541673e+00
48 50 -3.576774390821088e-15
48 51 -2.666490885416672e+00
48 52 1.358839142628208e+00
48 53 -9.259776090784832e-16
48 54 -3.333235677083333e-01
48 55 2.179412059294870e-01
48 56 2.179412059294872e-01
48 57 -2.999814453124992e+00
48 58 1.987115635016030e-01
48 59 1.576780348557686e+00
49 36 -2.179412059294870e-01
49 37 1.333276588695758e-01
49 38 -1.380612826676529e-01
49 45 1.987115635016028e-01
49 46 -4.258696362898575e-01
49 47 1.277071198533039e-01
49 48 1.397320963541673e+00
49 49 4.067416895237512e+00
49 50 6.852296961149093e-16
49 51 -1.358839142628209e+00
49 52 4.630142304610479e-01
49 53 -5.516371155118391e-16
49 54 -2.179412059294869e-01
49 55 1.333276588695757e-01
49 56 1.380612826676527e-01
49 57 1.987115635016030e-01
49 58 -4.258696362898566e-01
49 59 -1.277071198533040e-01
50 36 2.179412059294871e-01
50 37 -1.380612826676528e-01
50 38 1.333276588695759e-01
50 45 1.576780348557690e+00
50 46 -1.277071198533040e-01
50 47 5.963418893306186e-01
50 48 -3.576774390821088e-15
50 49 6.852296961149093e-16
50 50 4.376379671577080e+00
50 51 -9.303143912986456e-16
50 52 5.811767013330632e-16
50 53 -3.126587950977986e-01
50 54 -2.179412059294871e-01
50 55 1.380612826676528e-01
50 56 1.333276588695758e-01
50 57 -1.576780348557685e+00
50 58 1.277071198533039e-01
50 59 5.963418893306152e-01
51 33 -3.333235677083334e-01
51 34 2.179412059294870e-01
51 35 -2.179412059294872e-01
51 36 -2.666490885416664e+00
51 37 6.362782856645440e-16
51 38 -1.358839142628201e+00
51 45 -3.333235677083333e-01
51 46 -2.179412059294870e-01
51 47 -2.179412059294871e-01
51 48 -2.666490885416672e+00
51 49 -1.358839142628209e+00
51 50 -9.303143912986456e-16
51 51 1.200316406249998e+01
51 52 -1.391080819612308e-15
51 53 -2.079233467609515e-15
51 54 -2.666490885416660e+00
51 55 6.371458062212100e-16
51 56 1.358839142628198e+00
51 57 -3.333235677083333e-01
51 58 -2.179412059294869e-01
51 59 2.179412059294871e-01
51 87 -3.333235677083332e-01
51 88 2.179412059294870e-01
51 89 2.179412059294870e-01
51 90 -2.666490885416672e+00
51 91 1.358839142628209e+00
51 92 -1.030004981113675e-15
52 33 -2.179412059294871e-01
52 34 1.333276588695758e-01
52 35 -1.380612826676529e-01
52 36 6.354109239265556e-16
52 37 -3.126587950977968e-01
52 38 3.946934247397440e-16
52 45 2.179412059294870e-01
52 46 1.333276588695758e-01
52 47 1.380612826676529e-01
52 48 1.358839142628208e+00
52 49 4.630142304610479e-01
52 50 5.811767013330632e-16
52 51 -1.391080819612308e-15
52 52 4.689038466674892e+00
52 53 1.909660264130952e-17
52 54 6.484215352848389e-16
52 55 -3.126587950977960e-01
52 56 -3.677562682396200e-16
52 57 2.179412059294870e-01
52 58 1.333276588695757e-01
52 59 -1.380612826676527e-01
52 87 -2.179412059294871e-01
52 88 1.333276588695757e-01
52 89 1.380612826676528e-01
52 90 -1.358839142628209e+00
52 91 4.630142304610478e-01
52 92 -5.568072722729814e-16
53 33 2.179412059294871e-01
53 34 -1.380612826676528e-01
53 35 1.333276588695759e-01
53 36 1.358839142628202e+00
53 37 -4.462523864135623e-16
53 38 4.630142304610432e-01
53 45 2.179412059294871e-01
53 46 1.380612826676528e-01
53 47 1.333276588695759e-01
53 48 -9.259776090784832e-16
53 49 -5.516371155118391e-16
53 50 -3.126587950977986e-01
53 51 -2.079233467609515e-15
53 52 1.909660264130952e-17
53 53 4.689038466674883e+00
53 54 -1.358839142628197e+00
53 55 2.914775367378016e-16
53 56 4.630142304610397e-01
53 57 -2.179412059294871e-01
53 58 -1.380612826676528e-01
53 59 1.333276588695758e-01
53 87 -2.179412059294870e-01
53 88 1.380612826676528e-01
53 89 1.333276588695758e-01
53 90 -9.814327237863242e-16
53 91 5.202756941699691e-16
53 92 -3.126587950977983e-01
54 48 -3.333235677083333e-01
54 49 -2.179412059294869e-01
54 50 -2.179412059294871e-01
54 51 -2.666490885416660e+00
54 52 6.484215352848389e-16
54 53 -1.358839142628197e+00
54 54 1.200316406249998e+01
54 55 -1.017247910539306e-15
54 56 -3.486185117084747e-17
54 57 -2.666490885416672e+00
54 58 -1.358839142628208e+00
54 59 3.256254053085627e-16
54 60 -3.333235677083334e-01
54 61 -2.179412059294870e-01
54 62 2.179412059294871e-01
54 69 -2.666490885416660e+00
54 70 6.935243191904562e-16
54 71 1.358839142628198e+00
54 72 -3.333235677083333e-01
54 73 2.179412059294870e-01
54 74 2.179412059294872e-01
54 87 -2.666490885416670e+00
54 88 1.358839142628207e+00
54 89 3.292337127243068e-16
54 90 -3.333235677083332e-01
54 91 2.179412059294870e-01
54 92 -2.179412059294870e-01
55 48 2.179412059294870e-01
55 49 1.333276588695757e-01
55 50 1.380612826676528e-01
55 51 6.371458062212100e-16
55 52 -3.126587950977960e-01
55 53 2.914775367378016e-16
55 54 -1.017247910539306e-15
55 55 4.689038466674890e+00
55 56 2.055793763088163e-16
55 57 1.358839142628208e+00
55 58 4.630142304610476e-01
55 59 -2.133266506643144e-16
55 60 2.179412059294871e-01
55 61 1.333276588695757e-01
55 62 -1.380612826676528e-01
55 69 6.805139195904098e-16
55 70 -3.126587950977962e-01
55 71 -4.124253977460228e-16
55 72 -2.179412059294871e-01
55 73 1.333276588695757e-01
55 74 1.380612826676528e-01
55 87 -1.358839142628208e+00
55 88 4.630142304610477e-01
55 89 1.587723554958783e-16
55 90 -2.179412059294870e-01
55 91 1.333276588695757e-01
55 92 -1.380612826676528e-01
56 48 2.179412059294872e-01
56 49 1.380612826676527e-01
56 50 1.333276588695758e-01
56 51 1.358839142628198e+00
56 52 -3.677562682396200e-16
56 53 4.630142304610397e-01
56 54 -3.486185117084747e-17
56 55 2.055793763088163e-16
56 56 4.689038466674881e+00
56 57 3.299621875287251e-16
56 58 2.073044052280140e-16
56 59 -3.126587950977989e-01
56 60 -2.179412059294871e-01
56 61 -1.380612826676528e-01
56 62 1.333276588695759e-01
56 69 -1.358839142628198e+00
56 70 2.958143454277436e-16
56 71 4.630142304610402e-01
56 72 -2.179412059294871e-01
56 73 1.380612826676528e-01
56 74 1.333276588695758e-01
56 87 3.066823075366083e-16
56 88 -1.877795678748633e-16
56 89 -3.126587950977988e-01
56 90 2.179412059294870e-01
56 91 -1.380612826676527e-01
56 92 1.333276588695758e-01
57 48 -2.999814453124992e+00
57 49 1.987115635016030e-01
57 50 -1.576780348557685e+00
57 51 -3.333235677083333e-01
57 52 2.179412059294870e-01
57 53 -2.179412059294871e-01
57 54 -2.666490885416672e+00
57 55 1.358839142628208e+00
57 56 3.299621875287251e-16
57 57 9.336673177083330e+00
57 58 1.397320963541671e+00
57 59 -6.763167389878667e-16
57 60 -2.999814453124992e+00
57 61 1.987115635016030e-01
57 62 1.576780348557687e+00
57 69 -3.333235677083334e-01
57 70 2.179412059294871e-01
57 71 2.179412059294872e-01
58 48 1.987115635016030e-01
58 49 -4.258696362898566e-01
58 50 1.277071198533039e-01
58 51 -2.179412059294869e-01
58 52 1.333276588695757e-01
58 53 -1.380612826676528e-01
58 54 -1.358839142628208e+00
58 55 4.630142304610476e-01
58 56 2.073044052280140e-16
58 57 1.397320963541671e+00
58 58 4.067416895237511e+00
58 59 -1.960098296813087e-16
58 60 1.987115635016030e-01
58 61 -4.258696362898567e-01
58 62 -1.277071198533040e-01
58 69 -2.179412059294869e-01
58 70 1.333276588695757e-01
58 71 1.380612826676528e-01
59 48 1.576780348557686e+00
59 49 -1.277071198533040e-01
59 50 5.963418893306152e-01
59 51 2.179412059294871e-01
59 52 -1.380612826676527e-01
59 53 1.333276588695758e-01
59 54 3.256254053085627e-16
59 55 -2.133266506643144e-16
59 56 -3.126587950977989e-01
59 57 -6.763167389878667e-16
59 58 -1.960098296813087e-16
59 59 4.376379671577078e+00
59 60 -1.576780348557686e+00
59 61 1.277071198533040e-01
59 62 5.963418893306156e-01
59 69 -2.179412059294871e-01
59 70 1.380612826676528e-01
59 71 1.333276588695759e-01
60 54 -3.333235677083334e-01
60 55 2.179412059294871e-01
60 56 -2.179412059294871e-01
60 57 -2.999814453124992e+00
60 58 1.987115635016030e-01
60 59 -1.576780348557686e+00
60 60 9.336673177083332e+00
